00 00 00 00 00 00 00 00 00 00 00 00 00 00 00 00 
00 00 00 00 00 00 00 00 00 00 00 00 06 00 00 06 
00 00 06 00 00 06 00 00 06 00 00 06 00 00 06 00 
00 06 00 00 00 00 00 06 00 00 06 00 00 00 00 00 
00 00 00 00 00 00 00 00  ! 0 
00 00 00 00 00 00 00 00 00 00 00 00 00 00 00 00 
00 00 00 00 00 00 00 00 00 00 00 00 05 00 00 05 
00 00 05 00 00 05 00 00 00 00 00 00 00 00 00 00 
00 00 00 00 00 00 00 00 00 00 00 00 00 00 00 00 
00 00 00 00 00 00 00 00  " 1 
00 00 00 00 00 00 00 00 00 00 00 00 00 00 00 00 
00 00 00 00 00 00 00 00 00 00 00 00 00 00 00 00 
00 00 30 03 00 30 03 00 FC 07 00 98 01 00 98 01 
00 98 01 00 FE 03 00 CC 00 00 CC 00 00 00 00 00 
00 00 00 00 00 00 00 00  # 2 
00 00 00 00 00 00 00 00 00 00 00 00 00 00 00 00 
00 00 00 00 00 00 00 00 00 00 00 00 10 00 00 10 
00 00 78 00 00 0C 00 00 0C 00 00 0C 00 00 38 00 
00 60 00 00 60 00 00 60 00 00 3C 00 00 10 00 00 
10 00 00 00 00 00 00 00  $ 3 
00 00 00 00 00 00 00 00 00 00 00 00 00 00 00 00 
00 00 00 00 00 00 00 00 00 00 00 00 00 00 00 00 
10 00 18 08 00 24 04 00 24 02 00 18 01 00 80 00 
00 40 0C 00 20 12 00 10 12 00 08 0C 00 04 00 00 
00 00 00 00 00 00 00 00  % 4 
00 00 00 00 00 00 00 00 00 00 00 00 00 00 00 00 
00 00 00 00 00 00 00 00 00 00 00 00 00 00 00 70 
00 00 98 00 00 98 00 00 58 00 00 30 00 00 78 02 
00 CC 02 00 8C 01 00 8C 03 00 78 06 00 00 00 00 
00 00 00 00 00 00 00 00  & 5 
00 00 00 00 00 00 00 00 00 00 00 00 00 00 00 00 
00 00 00 00 00 00 00 00 00 00 00 00 04 00 00 04 
00 00 04 00 00 04 00 00 00 00 00 00 00 00 00 00 
00 00 00 00 00 00 00 00 00 00 00 00 00 00 00 00 
00 00 00 00 00 00 00 00  ' 6 
00 00 00 00 00 00 00 00 00 00 00 00 00 00 00 00 
00 00 00 00 00 00 C0 00 00 60 00 00 30 00 00 18 
00 00 18 00 00 0C 00 00 0C 00 00 0C 00 00 0C 00 
00 18 00 00 18 00 00 30 00 00 60 00 00 C0 00 00 
00 00 00 00 00 00 00 00  ( 7 
00 00 00 00 00 00 00 00 00 00 00 00 00 00 00 00 
00 00 00 00 00 00 0C 00 00 18 00 00 30 00 00 60 
00 00 60 00 00 C0 00 00 C0 00 00 C0 00 00 C0 00 
00 60 00 00 60 00 00 30 00 00 18 00 00 0C 00 00 
00 00 00 00 00 00 00 00  ) 8 
00 00 00 00 00 00 00 00 00 00 00 00 00 00 00 00 
00 00 00 00 00 00 00 00 00 00 00 00 10 00 00 54 
00 00 38 00 00 38 00 00 54 00 00 10 00 00 00 00 
00 00 00 00 00 00 00 00 00 00 00 00 00 00 00 00 
00 00 00 00 00 00 00 00  * 9 
00 00 00 00 00 00 00 00 00 00 00 00 00 00 00 00 
00 00 00 00 00 00 00 00 00 00 00 00 00 00 00 00 
00 00 00 00 00 20 00 00 20 00 00 20 00 00 FC 01 
00 20 00 00 20 00 00 20 00 00 00 00 00 00 00 00 
00 00 00 00 00 00 00 00  + 10 
00 00 00 00 00 00 00 00 00 00 00 00 00 00 00 00 
00 00 00 00 00 00 00 00 00 00 00 00 00 00 00 00 
00 00 00 00 00 00 00 00 00 00 00 00 00 00 00 00 
00 00 00 00 00 00 00 0C 00 00 0C 00 00 08 00 00 
08 00 00 04 00 00 00 00  , 11 
00 00 00 00 00 00 00 00 00 00 00 00 00 00 00 00 
00 00 00 00 00 00 00 00 00 00 00 00 00 00 00 00 
00 00 00 00 00 00 00 00 00 00 00 00 00 00 7C 00 
00 00 00 00 00 00 00 00 00 00 00 00 00 00 00 00 
00 00 00 00 00 00 00 00  - 12 
00 00 00 00 00 00 00 00 00 00 00 00 00 00 00 00 
00 00 00 00 00 00 00 00 00 00 00 00 00 00 00 00 
00 00 00 00 00 00 00 00 00 00 00 00 00 00 00 00 
00 00 00 00 00 00 00 0C 00 00 0C 00 00 00 00 00 
00 00 00 00 00 00 00 00  . 13 
00 00 00 00 00 00 00 00 00 00 00 00 00 00 00 00 
00 00 00 00 00 00 00 00 00 00 00 00 80 01 00 80 
01 00 C0 00 00 C0 00 00 60 00 00 60 00 00 30 00 
00 30 00 00 18 00 00 18 00 00 0C 00 00 0C 00 00 
00 00 00 00 00 00 00 00  / 14 
00 00 00 00 00 00 00 00 00 00 00 00 00 00 00 00 
00 00 00 00 00 00 00 00 00 00 00 00 00 00 00 78 
00 00 CC 00 00 CC 00 00 CC 00 00 CC 00 00 CC 00 
00 CC 00 00 CC 00 00 CC 00 00 78 00 00 00 00 00 
00 00 00 00 00 00 00 00  0 15 
00 00 00 00 00 00 00 00 00 00 00 00 00 00 00 00 
00 00 00 00 00 00 00 00 00 00 00 00 00 00 00 30 
00 00 38 00 00 34 00 00 30 00 00 30 00 00 30 00 
00 30 00 00 30 00 00 30 00 00 30 00 00 00 00 00 
00 00 00 00 00 00 00 00  1 16 
00 00 00 00 00 00 00 00 00 00 00 00 00 00 00 00 
00 00 00 00 00 00 00 00 00 00 00 00 00 00 00 78 
00 00 CC 00 00 CC 00 00 C0 00 00 60 00 00 30 00 
00 18 00 00 0C 00 00 0C 00 00 FC 00 00 00 00 00 
00 00 00 00 00 00 00 00  2 17 
00 00 00 00 00 00 00 00 00 00 00 00 00 00 00 00 
00 00 00 00 00 00 00 00 00 00 00 00 00 00 00 78 
00 00 CC 00 00 CC 00 00 C0 00 00 70 00 00 C0 00 
00 C0 00 00 CC 00 00 CC 00 00 78 00 00 00 00 00 
00 00 00 00 00 00 00 00  3 18 
00 00 00 00 00 00 00 00 00 00 00 00 00 00 00 00 
00 00 00 00 00 00 00 00 00 00 00 00 00 00 00 E0 
00 00 E0 00 00 D0 00 00 D0 00 00 C8 00 00 C8 00 
00 C4 00 00 FC 01 00 C0 00 00 C0 00 00 00 00 00 
00 00 00 00 00 00 00 00  4 19 
00 00 00 00 00 00 00 00 00 00 00 00 00 00 00 00 
00 00 00 00 00 00 00 00 00 00 00 00 00 00 00 F8 
00 00 0C 00 00 0C 00 00 7C 00 00 C0 00 00 C0 00 
00 C0 00 00 CC 00 00 CC 00 00 78 00 00 00 00 00 
00 00 00 00 00 00 00 00  5 20 
00 00 00 00 00 00 00 00 00 00 00 00 00 00 00 00 
00 00 00 00 00 00 00 00 00 00 00 00 00 00 00 78 
00 00 0C 00 00 0C 00 00 0C 00 00 7C 00 00 CC 00 
00 CC 00 00 CC 00 00 CC 00 00 78 00 00 00 00 00 
00 00 00 00 00 00 00 00  6 21 
00 00 00 00 00 00 00 00 00 00 00 00 00 00 00 00 
00 00 00 00 00 00 00 00 00 00 00 00 00 00 00 FC 
00 00 C0 00 00 C0 00 00 60 00 00 60 00 00 30 00 
00 30 00 00 18 00 00 18 00 00 18 00 00 00 00 00 
00 00 00 00 00 00 00 00  7 22 
00 00 00 00 00 00 00 00 00 00 00 00 00 00 00 00 
00 00 00 00 00 00 00 00 00 00 00 00 00 00 00 78 
00 00 CC 00 00 CC 00 00 CC 00 00 78 00 00 CC 00 
00 CC 00 00 CC 00 00 CC 00 00 78 00 00 00 00 00 
00 00 00 00 00 00 00 00  8 23 
00 00 00 00 00 00 00 00 00 00 00 00 00 00 00 00 
00 00 00 00 00 00 00 00 00 00 00 00 00 00 00 78 
00 00 CC 00 00 CC 00 00 CC 00 00 EC 00 00 D8 00 
00 C0 00 00 C0 00 00 60 00 00 18 00 00 00 00 00 
00 00 00 00 00 00 00 00  9 24 
00 00 00 00 00 00 00 00 00 00 00 00 00 00 00 00 
00 00 00 00 00 00 00 00 00 00 00 00 00 00 00 00 
00 00 0C 00 00 0C 00 00 00 00 00 00 00 00 00 00 
00 00 00 00 00 00 00 0C 00 00 0C 00 00 00 00 00 
00 00 00 00 00 00 00 00  : 25 
00 00 00 00 00 00 00 00 00 00 00 00 00 00 00 00 
00 00 00 00 00 00 00 00 00 00 00 00 00 00 00 00 
00 00 0C 00 00 0C 00 00 00 00 00 00 00 00 00 00 
00 00 00 00 00 00 00 0C 00 00 0C 00 00 08 00 00 
08 00 00 04 00 00 00 00  ; 26 
00 00 00 00 00 00 00 00 00 00 00 00 00 00 00 00 
00 00 00 00 00 00 00 00 00 00 00 00 00 00 00 80 
01 00 C0 00 00 60 00 00 30 00 00 18 00 00 0C 00 
00 18 00 00 30 00 00 60 00 00 C0 00 00 80 01 00 
00 00 00 00 00 00 00 00  < 27 
00 00 00 00 00 00 00 00 00 00 00 00 00 00 00 00 
00 00 00 00 00 00 00 00 00 00 00 00 00 00 00 00 
00 00 00 00 00 00 00 00 FC 01 00 00 00 00 00 00 
00 00 00 00 FC 01 00 00 00 00 00 00 00 00 00 00 
00 00 00 00 00 00 00 00  = 28 
00 00 00 00 00 00 00 00 00 00 00 00 00 00 00 00 
00 00 00 00 00 00 00 00 00 00 00 00 00 00 00 0C 
00 00 18 00 00 30 00 00 60 00 00 C0 00 00 80 01 
00 C0 00 00 60 00 00 30 00 00 18 00 00 0C 00 00 
00 00 00 00 00 00 00 00  > 29 
00 00 00 00 00 00 00 00 00 00 00 00 00 00 00 00 
00 00 00 00 00 00 00 00 00 00 00 00 78 00 00 C4 
00 00 C0 00 00 C0 00 00 C0 00 00 60 00 00 18 00 
00 18 00 00 00 00 00 18 00 00 18 00 00 00 00 00 
00 00 00 00 00 00 00 00  ? 30 
00 00 00 00 00 00 00 00 00 00 00 00 00 00 00 00 
00 00 00 00 00 00 00 00 00 00 00 00 00 00 00 E0 
01 00 10 02 00 08 04 00 E4 08 00 04 09 00 C4 09 
00 24 09 00 24 09 00 C8 06 00 10 00 00 E0 03 00 
00 00 00 00 00 00 00 00  @ 31 
00 00 00 00 00 00 00 00 00 00 00 00 00 00 00 00 
00 00 00 00 00 00 00 00 00 00 00 00 F8 00 00 8C 
01 00 8C 01 00 8C 01 00 8C 01 00 FC 01 00 8C 01 
00 8C 01 00 8C 01 00 8C 01 00 8C 01 00 00 00 00 
00 00 00 00 00 00 00 00  A 32 
00 00 00 00 00 00 00 00 00 00 00 00 00 00 00 00 
00 00 00 00 00 00 00 00 00 00 00 00 FC 00 00 8C 
01 00 8C 01 00 8C 01 00 8C 01 00 FC 00 00 8C 01 
00 8C 01 00 8C 01 00 8C 01 00 FC 00 00 00 00 00 
00 00 00 00 00 00 00 00  B 33 
00 00 00 00 00 00 00 00 00 00 00 00 00 00 00 00 
00 00 00 00 00 00 00 00 00 00 00 00 F8 00 00 8C 
01 00 8C 01 00 0C 00 00 0C 00 00 0C 00 00 0C 00 
00 0C 00 00 8C 01 00 8C 01 00 F8 00 00 00 00 00 
00 00 00 00 00 00 00 00  C 34 
00 00 00 00 00 00 00 00 00 00 00 00 00 00 00 00 
00 00 00 00 00 00 00 00 00 00 00 00 FC 00 00 0C 
01 00 0C 03 00 0C 03 00 0C 03 00 0C 03 00 0C 03 
00 0C 03 00 0C 03 00 0C 01 00 FC 00 00 00 00 00 
00 00 00 00 00 00 00 00  D 35 
00 00 00 00 00 00 00 00 00 00 00 00 00 00 00 00 
00 00 00 00 00 00 00 00 00 00 00 00 FC 00 00 0C 
00 00 0C 00 00 0C 00 00 0C 00 00 7C 00 00 0C 00 
00 0C 00 00 0C 00 00 0C 00 00 FC 00 00 00 00 00 
00 00 00 00 00 00 00 00  E 36 
00 00 00 00 00 00 00 00 00 00 00 00 00 00 00 00 
00 00 00 00 00 00 00 00 00 00 00 00 FC 00 00 0C 
00 00 0C 00 00 0C 00 00 0C 00 00 7C 00 00 0C 00 
00 0C 00 00 0C 00 00 0C 00 00 0C 00 00 00 00 00 
00 00 00 00 00 00 00 00  F 37 
00 00 00 00 00 00 00 00 00 00 00 00 00 00 00 00 
00 00 00 00 00 00 00 00 00 00 00 00 F8 01 00 0C 
03 00 0C 03 00 0C 00 00 0C 00 00 8C 03 00 0C 03 
00 0C 03 00 0C 03 00 0C 03 00 F8 02 00 00 00 00 
00 00 00 00 00 00 00 00  G 38 
00 00 00 00 00 00 00 00 00 00 00 00 00 00 00 00 
00 00 00 00 00 00 00 00 00 00 00 00 0C 03 00 0C 
03 00 0C 03 00 0C 03 00 0C 03 00 FC 03 00 0C 03 
00 0C 03 00 0C 03 00 0C 03 00 0C 03 00 00 00 00 
00 00 00 00 00 00 00 00  H 39 
00 00 00 00 00 00 00 00 00 00 00 00 00 00 00 00 
00 00 00 00 00 00 00 00 00 00 00 00 0C 00 00 0C 
00 00 0C 00 00 0C 00 00 0C 00 00 0C 00 00 0C 00 
00 0C 00 00 0C 00 00 0C 00 00 0C 00 00 00 00 00 
00 00 00 00 00 00 00 00  I 40 
00 00 00 00 00 00 00 00 00 00 00 00 00 00 00 00 
00 00 00 00 00 00 00 00 00 00 00 00 C0 00 00 C0 
00 00 C0 00 00 C0 00 00 C0 00 00 C0 00 00 C0 00 
00 CC 00 00 CC 00 00 CC 00 00 78 00 00 00 00 00 
00 00 00 00 00 00 00 00  J 41 
00 00 00 00 00 00 00 00 00 00 00 00 00 00 00 00 
00 00 00 00 00 00 00 00 00 00 00 00 8C 01 00 8C 
01 00 8C 01 00 8C 01 00 8C 00 00 7C 00 00 8C 01 
00 8C 01 00 8C 01 00 8C 01 00 8C 03 00 00 00 00 
00 00 00 00 00 00 00 00  K 42 
00 00 00 00 00 00 00 00 00 00 00 00 00 00 00 00 
00 00 00 00 00 00 00 00 00 00 00 00 0C 00 00 0C 
00 00 0C 00 00 0C 00 00 0C 00 00 0C 00 00 0C 00 
00 0C 00 00 0C 00 00 0C 00 00 FC 00 00 00 00 00 
00 00 00 00 00 00 00 00  L 43 
00 00 00 00 00 00 00 00 00 00 00 00 00 00 00 00 
00 00 00 00 00 00 00 00 00 00 00 00 0C 18 00 1C 
1C 00 3C 1E 00 6C 1B 00 CC 19 00 8C 18 00 0C 18 
00 0C 18 00 0C 18 00 0C 18 00 0C 18 00 00 00 00 
00 00 00 00 00 00 00 00  M 44 
00 00 00 00 00 00 00 00 00 00 00 00 00 00 00 00 
00 00 00 00 00 00 00 00 00 00 00 00 1C 06 00 1C 
06 00 3C 06 00 2C 06 00 6C 06 00 4C 06 00 CC 06 
00 8C 06 00 8C 07 00 0C 07 00 0C 07 00 00 00 00 
00 00 00 00 00 00 00 00  N 45 
00 00 00 00 00 00 00 00 00 00 00 00 00 00 00 00 
00 00 00 00 00 00 00 00 00 00 00 00 F8 01 00 0C 
03 00 0C 03 00 0C 03 00 0C 03 00 0C 03 00 0C 03 
00 0C 03 00 0C 03 00 0C 03 00 F8 01 00 00 00 00 
00 00 00 00 00 00 00 00  O 46 
00 00 00 00 00 00 00 00 00 00 00 00 00 00 00 00 
00 00 00 00 00 00 00 00 00 00 00 00 FC 00 00 8C 
01 00 8C 01 00 8C 01 00 8C 01 00 8C 01 00 FC 00 
00 0C 00 00 0C 00 00 0C 00 00 0C 00 00 00 00 00 
00 00 00 00 00 00 00 00  P 47 
00 00 00 00 00 00 00 00 00 00 00 00 00 00 00 00 
00 00 00 00 00 00 00 00 00 00 00 00 F8 01 00 0C 
03 00 0C 03 00 0C 03 00 0C 03 00 0C 03 00 0C 03 
00 0C 03 00 0C 03 00 0C 03 00 F8 01 00 40 00 00 
80 00 00 00 01 00 00 00  Q 48 
00 00 00 00 00 00 00 00 00 00 00 00 00 00 00 00 
00 00 00 00 00 00 00 00 00 00 00 00 FC 00 00 8C 
01 00 8C 01 00 8C 01 00 8C 01 00 FC 00 00 8C 01 
00 8C 01 00 8C 01 00 8C 01 00 8C 03 00 00 00 00 
00 00 00 00 00 00 00 00  R 49 
00 00 00 00 00 00 00 00 00 00 00 00 00 00 00 00 
00 00 00 00 00 00 00 00 00 00 00 00 F8 00 00 8C 
01 00 8C 01 00 0C 00 00 0C 00 00 F8 00 00 80 01 
00 80 01 00 8C 01 00 8C 01 00 F8 00 00 00 00 00 
00 00 00 00 00 00 00 00  S 50 
00 00 00 00 00 00 00 00 00 00 00 00 00 00 00 00 
00 00 00 00 00 00 00 00 00 00 00 00 FC 03 00 60 
00 00 60 00 00 60 00 00 60 00 00 60 00 00 60 00 
00 60 00 00 60 00 00 60 00 00 60 00 00 00 00 00 
00 00 00 00 00 00 00 00  T 51 
00 00 00 00 00 00 00 00 00 00 00 00 00 00 00 00 
00 00 00 00 00 00 00 00 00 00 00 00 8C 01 00 8C 
01 00 8C 01 00 8C 01 00 8C 01 00 8C 01 00 8C 01 
00 8C 01 00 8C 01 00 CC 01 00 38 01 00 00 00 00 
00 00 00 00 00 00 00 00  U 52 
00 00 00 00 00 00 00 00 00 00 00 00 00 00 00 00 
00 00 00 00 00 00 00 00 00 00 00 00 0C 06 00 0C 
06 00 0C 06 00 18 03 00 18 03 00 18 03 00 B0 01 
00 B0 01 00 B0 01 00 E0 00 00 E0 00 00 00 00 00 
00 00 00 00 00 00 00 00  V 53 
00 00 00 00 00 00 00 00 00 00 00 00 00 00 00 00 
00 00 00 00 00 00 00 00 00 00 00 00 0C 30 00 0C 
30 00 0C 30 00 8C 31 00 8C 31 00 8C 31 00 8C 31 
00 8C 31 00 DC 3B 00 78 1E 00 30 0C 00 00 00 00 
00 00 00 00 00 00 00 00  W 54 
00 00 00 00 00 00 00 00 00 00 00 00 00 00 00 00 
00 00 00 00 00 00 00 00 00 00 00 00 0C 03 00 0C 
03 00 98 01 00 98 01 00 F0 00 00 60 00 00 F0 00 
00 98 01 00 98 01 00 0C 03 00 0C 03 00 00 00 00 
00 00 00 00 00 00 00 00  X 55 
00 00 00 00 00 00 00 00 00 00 00 00 00 00 00 00 
00 00 00 00 00 00 00 00 00 00 00 00 0C 03 00 0C 
03 00 0C 03 00 98 01 00 98 01 00 F0 00 00 60 00 
00 60 00 00 60 00 00 60 00 00 60 00 00 00 00 00 
00 00 00 00 00 00 00 00  Y 56 
00 00 00 00 00 00 00 00 00 00 00 00 00 00 00 00 
00 00 00 00 00 00 00 00 00 00 00 00 FC 00 00 C0 
00 00 C0 00 00 60 00 00 60 00 00 30 00 00 18 00 
00 18 00 00 0C 00 00 0C 00 00 FC 00 00 00 00 00 
00 00 00 00 00 00 00 00  Z 57 
00 00 00 00 00 00 00 00 00 00 00 00 00 00 00 00 
00 00 00 00 00 00 00 00 00 38 00 00 0C 00 00 0C 
00 00 0C 00 00 0C 00 00 0C 00 00 0C 00 00 0C 00 
00 0C 00 00 0C 00 00 0C 00 00 0C 00 00 38 00 00 
00 00 00 00 00 00 00 00  [ 58 
00 00 00 00 00 00 00 00 00 00 00 00 00 00 00 00 
00 00 00 00 00 00 00 00 00 1C 00 00 30 00 00 30 
00 00 30 00 00 30 00 00 30 00 00 30 00 00 30 00 
00 30 00 00 30 00 00 30 00 00 30 00 00 1C 00 00 
00 00 00 00 00 00 00 00  ] 59 
00 00 00 00 00 00 00 00 00 00 00 00 00 00 00 00 
00 00 00 00 00 00 00 00 00 00 00 00 00 00 00 40 
00 00 40 00 00 A0 00 00 A0 00 00 10 01 00 10 01 
00 08 02 00 08 02 00 04 04 00 04 04 00 00 00 00 
00 00 00 00 00 00 00 00  ^ 60 
00 00 00 00 00 00 00 00 00 00 00 00 00 00 00 00 
00 00 00 00 00 00 00 00 00 00 00 00 00 00 00 00 
00 00 00 00 00 00 00 00 00 00 00 00 00 00 00 00 
00 00 00 00 00 00 00 00 00 00 00 00 00 00 00 00 
00 00 00 FE 7F 00 00 00  _ 61 
00 00 00 00 00 00 00 00 00 00 00 00 00 00 00 00 
00 00 00 00 00 00 00 00 00 04 00 00 08 00 00 00 
00 00 00 00 00 00 00 00 00 00 00 00 00 00 00 00 
00 00 00 00 00 00 00 00 00 00 00 00 00 00 00 00 
00 00 00 00 00 00 00 00  ` 62 
00 00 00 00 00 00 00 00 00 00 00 00 00 00 00 00 
00 00 00 00 00 00 00 00 00 00 00 00 00 00 00 00 
00 00 78 00 00 CC 00 00 CC 00 00 C0 00 00 F8 00 
00 CC 00 00 CC 00 00 CC 00 00 B8 00 00 00 00 00 
00 00 00 00 00 00 00 00  a 63 
00 00 00 00 00 00 00 00 00 00 00 00 00 00 00 00 
00 00 00 00 00 00 00 00 00 0C 00 00 0C 00 00 0C 
00 00 7C 00 00 CC 00 00 CC 00 00 CC 00 00 CC 00 
00 CC 00 00 CC 00 00 CC 00 00 74 00 00 00 00 00 
00 00 00 00 00 00 00 00  b 64 
00 00 00 00 00 00 00 00 00 00 00 00 00 00 00 00 
00 00 00 00 00 00 00 00 00 00 00 00 00 00 00 00 
00 00 78 00 00 CC 00 00 CC 00 00 0C 00 00 0C 00 
00 0C 00 00 CC 00 00 CC 00 00 78 00 00 00 00 00 
00 00 00 00 00 00 00 00  c 65 
00 00 00 00 00 00 00 00 00 00 00 00 00 00 00 00 
00 00 00 00 00 00 00 00 00 C0 00 00 C0 00 00 C0 
00 00 D8 00 00 EC 00 00 CC 00 00 CC 00 00 CC 00 
00 CC 00 00 CC 00 00 EC 00 00 98 00 00 00 00 00 
00 00 00 00 00 00 00 00  d 66 
00 00 00 00 00 00 00 00 00 00 00 00 00 00 00 00 
00 00 00 00 00 00 00 00 00 00 00 00 00 00 00 00 
00 00 78 00 00 CC 00 00 CC 00 00 CC 00 00 7C 00 
00 0C 00 00 CC 00 00 CC 00 00 78 00 00 00 00 00 
00 00 00 00 00 00 00 00  e 67 
00 00 00 00 00 00 00 00 00 00 00 00 00 00 00 00 
00 00 00 00 00 00 00 00 00 38 00 00 0C 00 00 0C 
00 00 3E 00 00 0C 00 00 0C 00 00 0C 00 00 0C 00 
00 0C 00 00 0C 00 00 0C 00 00 0C 00 00 00 00 00 
00 00 00 00 00 00 00 00  f 68 
00 00 00 00 00 00 00 00 00 00 00 00 00 00 00 00 
00 00 00 00 00 00 00 00 00 00 00 00 00 00 00 00 
00 00 78 00 00 CC 00 00 CC 00 00 CC 00 00 CC 00 
00 CC 00 00 CC 00 00 CC 00 00 F8 00 00 C0 00 00 
CC 00 00 38 00 00 00 00  g 69 
00 00 00 00 00 00 00 00 00 00 00 00 00 00 00 00 
00 00 00 00 00 00 00 00 00 0C 00 00 0C 00 00 0C 
00 00 6C 00 00 DC 00 00 CC 00 00 CC 00 00 CC 00 
00 CC 00 00 CC 00 00 CC 00 00 CC 00 00 00 00 00 
00 00 00 00 00 00 00 00  h 70 
00 00 00 00 00 00 00 00 00 00 00 00 00 00 00 00 
00 00 00 00 00 00 00 00 00 0C 00 00 0C 00 00 00 
00 00 0C 00 00 0C 00 00 0C 00 00 0C 00 00 0C 00 
00 0C 00 00 0C 00 00 0C 00 00 0C 00 00 00 00 00 
00 00 00 00 00 00 00 00  i 71 
00 00 00 00 00 00 00 00 00 00 00 00 00 00 00 00 
00 00 00 00 00 00 00 00 00 0C 00 00 0C 00 00 00 
00 00 0C 00 00 0C 00 00 0C 00 00 0C 00 00 0C 00 
00 0C 00 00 0C 00 00 0C 00 00 0C 00 00 0C 00 00 
0D 00 00 06 00 00 00 00  j 72 
00 00 00 00 00 00 00 00 00 00 00 00 00 00 00 00 
00 00 00 00 00 00 00 00 00 0C 00 00 0C 00 00 0C 
00 00 CC 00 00 CC 00 00 6C 00 00 3C 00 00 6C 00 
00 CC 00 00 CC 00 00 CC 00 00 CC 01 00 00 00 00 
00 00 00 00 00 00 00 00  k 73 
00 00 00 00 00 00 00 00 00 00 00 00 00 00 00 00 
00 00 00 00 00 00 00 00 00 0C 00 00 0C 00 00 0C 
00 00 0C 00 00 0C 00 00 0C 00 00 0C 00 00 0C 00 
00 0C 00 00 0C 00 00 0C 00 00 18 00 00 00 00 00 
00 00 00 00 00 00 00 00  l 74 
00 00 00 00 00 00 00 00 00 00 00 00 00 00 00 00 
00 00 00 00 00 00 00 00 00 00 00 00 00 00 00 00 
00 00 64 06 00 DC 0D 00 CC 0C 00 CC 0C 00 CC 0C 
00 CC 0C 00 CC 0C 00 CC 0C 00 CC 0C 00 00 00 00 
00 00 00 00 00 00 00 00  m 75 
00 00 00 00 00 00 00 00 00 00 00 00 00 00 00 00 
00 00 00 00 00 00 00 00 00 00 00 00 00 00 00 00 
00 00 64 00 00 DC 00 00 CC 00 00 CC 00 00 CC 00 
00 CC 00 00 CC 00 00 CC 00 00 CC 00 00 00 00 00 
00 00 00 00 00 00 00 00  n 76 
00 00 00 00 00 00 00 00 00 00 00 00 00 00 00 00 
00 00 00 00 00 00 00 00 00 00 00 00 00 00 00 00 
00 00 78 00 00 CC 00 00 CC 00 00 CC 00 00 CC 00 
00 CC 00 00 CC 00 00 CC 00 00 78 00 00 00 00 00 
00 00 00 00 00 00 00 00  o 77 
00 00 00 00 00 00 00 00 00 00 00 00 00 00 00 00 
00 00 00 00 00 00 00 00 00 00 00 00 00 00 00 00 
00 00 64 00 00 DC 00 00 CC 00 00 CC 00 00 CC 00 
00 CC 00 00 CC 00 00 DC 00 00 6C 00 00 0C 00 00 
0C 00 00 0C 00 00 00 00  p 78 
00 00 00 00 00 00 00 00 00 00 00 00 00 00 00 00 
00 00 00 00 00 00 00 00 00 00 00 00 00 00 00 00 
00 00 B8 00 00 CC 00 00 CC 00 00 CC 00 00 CC 00 
00 CC 00 00 CC 00 00 EC 00 00 D8 00 00 C0 00 00 
C0 00 00 C0 00 00 00 00  q 79 
00 00 00 00 00 00 00 00 00 00 00 00 00 00 00 00 
00 00 00 00 00 00 00 00 00 00 00 00 00 00 00 00 
00 00 64 00 00 DC 00 00 CC 00 00 0C 00 00 0C 00 
00 0C 00 00 0C 00 00 0C 00 00 0C 00 00 00 00 00 
00 00 00 00 00 00 00 00  r 80 
00 00 00 00 00 00 00 00 00 00 00 00 00 00 00 00 
00 00 00 00 00 00 00 00 00 00 00 00 00 00 00 00 
00 00 78 00 00 CC 00 00 CC 00 00 0C 00 00 78 00 
00 C0 00 00 CC 00 00 CC 00 00 78 00 00 00 00 00 
00 00 00 00 00 00 00 00  s 81 
00 00 00 00 00 00 00 00 00 00 00 00 00 00 00 00 
00 00 00 00 00 00 00 00 00 00 00 00 0C 00 00 0C 
00 00 3E 00 00 0C 00 00 0C 00 00 0C 00 00 0C 00 
00 0C 00 00 6C 00 00 6C 00 00 38 00 00 00 00 00 
00 00 00 00 00 00 00 00  t 82 
00 00 00 00 00 00 00 00 00 00 00 00 00 00 00 00 
00 00 00 00 00 00 00 00 00 00 00 00 00 00 00 00 
00 00 CC 00 00 CC 00 00 CC 00 00 CC 00 00 CC 00 
00 CC 00 00 CC 00 00 EC 00 00 98 00 00 00 00 00 
00 00 00 00 00 00 00 00  u 83 
00 00 00 00 00 00 00 00 00 00 00 00 00 00 00 00 
00 00 00 00 00 00 00 00 00 00 00 00 00 00 00 00 
00 00 8C 01 00 8C 01 00 8C 01 00 8C 01 00 D8 00 
00 D8 00 00 D8 00 00 70 00 00 20 00 00 00 00 00 
00 00 00 00 00 00 00 00  v 84 
00 00 00 00 00 00 00 00 00 00 00 00 00 00 00 00 
00 00 00 00 00 00 00 00 00 00 00 00 00 00 00 00 
00 00 0C 0C 00 0C 0C 00 0C 0C 00 CC 0C 00 CC 0C 
00 CC 0C 00 EC 0D 00 38 07 00 10 02 00 00 00 00 
00 00 00 00 00 00 00 00  w 85 
00 00 00 00 00 00 00 00 00 00 00 00 00 00 00 00 
00 00 00 00 00 00 00 00 00 00 00 00 00 00 00 00 
00 00 8C 01 00 8C 01 00 D8 00 00 D8 00 00 70 00 
00 D8 00 00 D8 00 00 8C 01 00 8C 01 00 00 00 00 
00 00 00 00 00 00 00 00  x 86 
00 00 00 00 00 00 00 00 00 00 00 00 00 00 00 00 
00 00 00 00 00 00 00 00 00 00 00 00 00 00 00 00 
00 00 CC 00 00 CC 00 00 CC 00 00 CC 00 00 CC 00 
00 CC 00 00 CC 00 00 EC 00 00 D8 00 00 C0 00 00 
CC 00 00 38 00 00 00 00  y 87 
00 00 00 00 00 00 00 00 00 00 00 00 00 00 00 00 
00 00 00 00 00 00 00 00 00 00 00 00 00 00 00 00 
00 00 7C 00 00 60 00 00 30 00 00 30 00 00 18 00 
00 18 00 00 0C 00 00 0C 00 00 7C 00 00 00 00 00 
00 00 00 00 00 00 00 00  z 88 
00 00 00 00 00 00 00 00 00 00 00 00 00 00 00 00 
00 00 00 00 00 00 00 00 00 C0 00 00 20 00 00 30 
00 00 30 00 00 30 00 00 18 00 00 0C 00 00 18 00 
00 30 00 00 30 00 00 30 00 00 20 00 00 C0 00 00 
00 00 00 00 00 00 00 00  { 89 
00 00 00 00 00 00 00 00 00 00 00 00 00 00 00 00 
00 00 00 00 00 00 00 00 00 04 00 00 04 00 00 04 
00 00 04 00 00 04 00 00 04 00 00 04 00 00 04 00 
00 04 00 00 04 00 00 04 00 00 04 00 00 04 00 00 
04 00 00 04 00 00 00 00  | 90 
00 00 00 00 00 00 00 00 00 00 00 00 00 00 00 00 
00 00 00 00 00 00 00 00 00 0C 00 00 10 00 00 30 
00 00 30 00 00 30 00 00 60 00 00 C0 00 00 60 00 
00 30 00 00 30 00 00 30 00 00 10 00 00 0C 00 00 
00 00 00 00 00 00 00 00  } 91 
00 00 00 00 00 00 00 00 00 00 00 00 00 00 00 00 
00 00 00 00 00 00 00 00 00 00 00 00 00 00 00 00 
00 00 00 00 00 00 00 00 30 00 00 48 08 00 84 04 
00 00 03 00 00 00 00 00 00 00 00 00 00 00 00 00 
00 00 00 00 00 00 00 00  ~ 92 
 
